239431393	ACC	-0.0089543145	0.14392982	9.798251
239431403	ACC	-0.0046830587	0.16248968	9.798491
239431413	ACC	-0.0037349546	0.14358507	9.774433
239431423	ACC	-0.021155167	0.14542381	9.792746
239431433	ACC	0.005564125	0.1402236	9.786663
239431443	ACC	-0.007536947	0.14487793	9.777115
239431453	ACC	0.0063302694	0.14083652	9.780486
239431463	ACC	-0.0034476505	0.13577996	9.802963
239431473	ACC	0.0025378538	0.15093048	9.787937
239431483	ACC	-0.0060621183	0.14978127	9.779672
239431493	ACC	-0.01478659	0.15532623	9.772241
239431503	ACC	-0.009423578	0.1503846	9.793981
239431513	ACC	-0.01388637	0.13933297	9.815039
239431523	ACC	-0.011530476	0.1374559	9.806276
239431533	ACC	0.004510676	0.16682798	9.81209
239431543	ACC	0.017496826	0.15633179	9.806085
239431553	ACC	-0.002671929	0.14673585	9.765192
239431563	ACC	0.0015514428	0.13858597	9.782575
239431573	ACC	0.0020494366	0.1286261	9.778159
239431583	ACC	0.0047500962	0.16261418	9.79623
239431593	ACC	0.015878346	0.16628209	9.807723
239431603	ACC	-0.0070485296	0.14539509	9.803298
239431613	ACC	-0.0043287165	0.14841178	9.775296
239431623	ACC	-0.024162283	0.1494269	9.789125
239431633	ACC	-0.020561403	0.15237658	9.799305
239431643	ACC	-0.013685257	0.14527059	9.797207
239431653	ACC	-0.011501745	0.16126385	9.789641
239431663	ACC	-0.009356541	0.14171758	9.807484
239431673	ACC	0.0048650177	0.13851893	9.79105
239431683	ACC	0.001292869	0.14581646	9.784336
239431693	ACC	-0.0020207062	0.15408124	9.794583
239431703	ACC	-0.007920019	0.15967411	9.790331
239431713	ACC	-0.0040701427	0.15564226	9.798481
239431723	ACC	-0.012583924	0.13581827	9.778026
239431733	ACC	-0.019728221	0.14118129	9.784366
239431743	ACC	0.0020590133	0.13806881	9.790819
239431753	ACC	0.0026431987	0.15664783	9.798386
239431763	ACC	-0.0050278236	0.16478811	9.794593
239431773	ACC	-5.7460842E-5	0.14510778	9.785619
239431783	ACC	-0.0062345015	0.13820289	9.780438
239431793	ACC	0.0030550011	0.1383657	9.787554
239431803	ACC	-0.019603724	0.15232868	9.77789
239431813	ACC	-0.019680338	0.14521311	9.79624
239431823	ACC	-0.0050374004	0.14768395	9.802426
239431833	ACC	-0.0025474306	0.124804944	9.794679
239431843	ACC	-0.011741165	0.14580688	9.776742
239431853	ACC	0.009959879	0.15101667	9.770516
239431863	ACC	-0.0016089035	0.14805743	9.787688
239431873	ACC	0.011319786	0.15151466	9.7979355
239431883	ACC	0.0037732618	0.14419799	9.803662
239431893	ACC	-0.006856994	0.15937722	9.8162365
239431903	ACC	0.004213795	0.1404343	9.796527
239431913	ACC	0.001838747	0.13309847	9.800472
239431923	ACC	-0.013196839	0.15061444	9.789077
239431933	ACC	0.0024612392	0.14174633	9.786491
239431943	ACC	-0.005046977	0.14514609	9.768812
239431953	ACC	-0.004309563	0.14872782	9.781673
239431963	ACC	-0.002126051	0.16206829	9.798779
239431973	ACC	0.007019799	0.13265793	9.802944
239431983	ACC	-0.0075944075	0.14537594	9.808613
239431993	ACC	-0.0011875241	0.14512692	9.797141
239432003	ACC	-0.009337387	0.13802093	9.776943
239432013	ACC	-0.009193734	0.15981776	9.778667
239432023	ACC	-0.008619126	0.12695973	9.783301
239432033	ACC	-0.011559206	0.16263333	9.78785
239432043	ACC	-0.005391742	0.15896542	9.788177
239432053	ACC	2.5857377E-4	0.15288414	9.80731
239432063	ACC	-0.0024133553	0.14437994	9.798769
239432073	ACC	0.005046977	0.14660177	9.798864
239432083	ACC	-0.002327164	0.15262556	9.781502
239432093	ACC	-0.012363658	0.13902651	9.775449
239432103	ACC	-0.023376986	0.1501739	9.792017
239432113	ACC	-0.015696386	0.15324806	9.798462
239432123	ACC	-0.0068282634	0.15554649	9.794995
239432133	ACC	0.0010342951	0.15143804	9.798635
239432143	ACC	-0.012152967	0.1368813	9.80057
239432153	ACC	-0.0013215994	0.15416743	9.775487
239432163	ACC	-0.004510676	0.15672444	9.782344
239432173	ACC	0.008226477	0.15924315	9.785533
239432183	ACC	0.0049320552	0.14677414	9.777641
239432193	ACC	-0.0017717092	0.142953	9.802283
239432203	ACC	-0.009414001	0.14251247	9.80574
239432213	ACC	-0.016299725	0.15143804	9.797648
239432223	ACC	-0.011233594	0.15159127	9.793712
239432233	ACC	0.0068761474	0.1320067	9.785945
239432243	ACC	0.008465897	0.13242808	9.783685
239432253	ACC	-0.003964798	0.1274673	9.795043
239432263	ACC	-0.006167464	0.14454274	9.796268
239432273	ACC	0.008791509	0.15289372	9.790896
239432283	ACC	-0.010687716	0.14325947	9.79851
239432293	ACC	-0.016127342	0.15540285	9.797275
239432303	ACC	-0.008044518	0.15256812	9.791816
239432313	ACC	-0.012583924	0.14822024	9.774759
239432323	ACC	-0.0015227122	0.1519935	9.789077
239432333	ACC	0.0029496565	0.14165054	9.776579
239432343	ACC	-0.013091494	0.14814363	9.793989
239432353	ACC	0.0029975404	0.14240712	9.7985
239432363	ACC	0.0014077906	0.15003982	9.807262
239432373	ACC	0.0025474306	0.15269262	9.791317
239432383	ACC	-0.013359645	0.1533917	9.774071
239432393	ACC	-0.0017046717	0.14707102	9.764005
239432403	ACC	-0.008542512	0.13680468	9.768333
239432413	ACC	-0.0033518826	0.14917792	9.787909
239432423	ACC	-0.018751388	0.15352578	9.805425
239432433	ACC	-0.003667917	0.16609056	9.810098
239432443	ACC	0.015140931	0.15792154	9.802274
239432453	ACC	0.008255207	0.15795027	9.793569
239432463	ACC	-0.01187524	0.16655025	9.791998
239432473	ACC	-0.0052289367	0.1543494	9.785255
239432483	ACC	-0.0033039981	0.13777195	9.7894125
239432493	ACC	5.363012E-4	0.15214673	9.789105
239432503	ACC	-0.0164338	0.14221558	9.787267
239432513	ACC	-0.0035913025	0.1548857	9.82158
239432523	ACC	-0.008628703	0.14482047	9.816792
239432533	ACC	-0.0177554	0.14756902	9.786568
239432543	ACC	-0.012306198	0.15300864	9.789229
239432553	ACC	-0.0037924154	0.14709018	9.789048
239432563	ACC	0.004462792	0.13985968	9.785754
239432573	ACC	0.0081402855	0.13117352	9.794804
239432583	ACC	-0.0020494366	0.13222697	9.803653
239432593	ACC	0.004261679	0.16094781	9.792429
239432603	ACC	6.3206925E-4	0.15238616	9.791002
239432613	ACC	-0.013311761	0.13362518	9.775679
239432623	ACC	-0.0013120226	0.14574942	9.770996
239432633	ACC	0.005094861	0.15260641	9.774491
239432643	ACC	0.002030283	0.15010688	9.792467
239432653	ACC	-0.006033388	0.14242627	9.802695
239432663	ACC	0.016146496	0.15209885	9.80666
239432673	ACC	-0.010591948	0.13724522	9.813096
239432683	ACC	-0.013694834	0.13703454	9.820259
239432693	ACC	8.6191256E-5	0.13921803	9.786051
239432703	ACC	-0.013139378	0.1516679	9.75574
239432713	ACC	0.0055737016	0.13244723	9.767739
239432723	ACC	-0.016108189	0.13191094	9.776818
239432733	ACC	-0.022572534	0.1377432	9.795694
239432743	ACC	-0.0077476366	0.14887147	9.8359165
239432753	ACC	0.0027006594	0.16444334	9.833973
239432763	ACC	-0.02495716	0.18587624	9.857896
239432773	ACC	-0.009481039	0.12621273	9.786069
239432783	ACC	-0.0056790467	0.086334914	9.748269
239432793	ACC	0.007230489	0.14717636	9.791634
239432803	ACC	-0.02510081	0.1399363	9.706908
239432813	ACC	-0.008082825	0.16705781	9.799132
239432823	ACC	0.014231135	0.17835845	9.835409
239432833	ACC	-0.026278757	0.107423045	9.742409
239432843	ACC	1.6280572E-4	0.12545617	9.821456
239432853	ACC	-0.016816873	0.13478398	9.826254
239432863	ACC	-0.0030550011	0.1962575	9.829079
239432873	ACC	0.008839393	0.1718941	9.860999
239432883	ACC	0.004003105	0.11877156	9.787679
239432893	ACC	-0.010093954	0.15026967	9.803432
239432903	ACC	-0.006445191	0.15068147	9.824845
239432913	ACC	0.011300633	0.13299312	9.727842
239432923	ACC	-0.01520797	0.12992854	9.806248
239432933	ACC	-0.0021930889	0.16692373	9.804112
239432943	ACC	-0.021940464	0.15718412	9.78381
239432953	ACC	-0.019776106	0.13663231	9.787842
239432963	ACC	-0.016366763	0.12149137	9.818784
239432973	ACC	0.0067229187	0.116281584	9.756209
239432983	ACC	-0.0050374004	0.16584156	9.770526
239432993	ACC	-0.021796811	0.16392621	9.805836
239433003	ACC	-0.018100165	0.14210066	9.761429
239433013	ACC	-0.008781932	0.13388376	9.770575
239433023	ACC	0.012325351	0.106350444	9.782632
239433033	ACC	0.006023811	0.13450626	9.762272
239433043	ACC	-0.013053187	0.15254895	9.802446
239433053	ACC	-0.0069240313	0.16620548	9.814925
239433063	ACC	-0.013168109	0.12748645	9.774702
239433073	ACC	0.0014365211	0.17910543	9.820191
239433083	ACC	0.03364332	0.16412732	9.849717
239433093	ACC	-0.009232041	0.08506119	9.622574
239433103	ACC	0.004462792	0.06297708	9.738023
239433113	ACC	0.0025091234	0.152865	9.803816
239433123	ACC	-0.048966214	0.20824766	9.824003
239433133	ACC	-0.011089942	0.21267214	9.910329
239433143	ACC	-0.0056886235	0.10765289	9.801727
239433153	ACC	-0.0075944075	0.059730545	9.588432
239433163	ACC	-0.022036232	0.11993035	9.774607
239433173	ACC	-0.0127658835	0.16556384	9.903002
239433183	ACC	-0.03421793	0.1890366	9.804266
239433193	ACC	0.028155811	0.14665923	9.840543
239433203	ACC	0.01250731	0.105115026	9.770843
239433213	ACC	0.055133678	0.100997	9.833101
239433223	ACC	0.01985272	0.13812628	9.877346
239433233	ACC	0.015361198	0.16141708	9.7161875
239433243	ACC	-0.01769794	0.14161225	9.764752
239433253	ACC	-0.019009963	0.13352942	9.775296
239433263	ACC	-0.030186094	0.12510183	9.709302
239433273	ACC	-0.009059659	0.083873674	9.9042
239433283	ACC	-0.031450234	0.121050835	9.716159
239433293	ACC	-0.040011898	0.12541786	9.757502
239433303	ACC	-0.018397044	0.19374838	9.798739
239433313	ACC	-0.011214441	0.17569609	9.822328
239433323	ACC	0.011147403	0.1223916	9.780429
239433333	ACC	0.0013982138	0.08599015	9.799181
239433343	ACC	-0.0055832784	0.11118673	9.747159
239433353	ACC	-0.025263617	0.17154935	9.762712
239433363	ACC	-0.031210814	0.17215268	9.811295
239433373	ACC	-0.060659494	-0.13153745	9.958231
239433383	ACC	-0.35239777	-0.35889083	9.68627
239433393	ACC	0.07105033	0.19812499	9.719588
239433403	ACC	0.29009107	0.38383842	9.824856
239433413	ACC	0.1240005	0.115697406	9.775477
239433423	ACC	-0.31535468	-0.069230735	9.718026
239433433	ACC	-0.12436441	-0.029314606	9.912828
239433443	ACC	-0.2463825	-0.08528146	10.079465
239433453	ACC	-0.5632982	-0.05731719	10.487466
239433463	ACC	-0.87942857	0.11456734	10.892085
239433473	ACC	-0.89911854	0.23211306	10.727116
239433483	ACC	-0.1781286	0.2563041	10.4191065
239433493	ACC	0.974737	0.011683704	9.587111
239433503	ACC	1.3915867	0.20836258	9.172339
239433513	ACC	1.8329242	1.0862781	9.819886
239433523	ACC	1.2449371	0.684598	10.805759
239433533	ACC	-0.023195026	0.34108755	10.658967
239433543	ACC	-0.2939888	0.37558323	10.7046385
239433553	ACC	0.98206323	0.13577038	11.06714
239433563	ACC	1.9089258	0.23369324	10.507931
239433573	ACC	1.5340608	0.3429263	10.142136
239433583	ACC	0.5263509	0.56209147	9.525896
239433593	ACC	0.5055692	0.5441446	9.904017
239433603	ACC	0.7245237	0.45043552	9.211805
239433613	ACC	1.4440005	0.55261046	9.491334
239433623	ACC	1.3459245	0.6827497	9.660882
239433633	ACC	0.66076136	0.750563	10.689996
239433643	ACC	0.56209147	0.74412745	11.73721
239433653	ACC	-0.6796755	0.8163557	11.858212
239433663	ACC	-0.17563865	0.6202419	13.838342
239433673	ACC	1.0910952	0.55538774	13.964919
239433683	ACC	0.98724425	0.41967484	11.237233
239433693	ACC	1.8002194	0.8281735	8.813411
239433703	ACC	1.8926643	1.83732	7.190956
239433713	ACC	1.4175589	1.9356259	6.9770484
239433723	ACC	1.1176996	1.4676744	7.8374963
239433733	ACC	0.76979333	1.8758379	9.299328
239433743	ACC	0.69793856	1.6442803	10.299118
239433753	ACC	0.5878244	1.9812114	10.585943
239433763	ACC	0.14659218	1.9712516	10.799132
239433773	ACC	0.87316537	2.5976608	10.932672
239433783	ACC	1.4426118	2.6252038	11.897784
239433793	ACC	0.83849734	2.4356885	10.294406
239433803	ACC	0.9061575	3.260376	10.209201
239433813	ACC	2.2491992	4.5154166	10.440942
239433823	ACC	2.7855673	5.3753276	10.509387
239433833	ACC	1.7799548	5.343542	10.404674
239433843	ACC	1.695248	3.813973	10.583367
239433853	ACC	1.3978115	2.8313541	10.081649
239433863	ACC	0.3473412	2.970256	10.000811
239433873	ACC	0.81761986	3.1819134	10.432705
239433883	ACC	1.111714	3.7968497	11.101061
239433893	ACC	2.6114132	3.6764307	11.803625
239433903	ACC	2.6896749	3.530509	11.082262
239433913	ACC	1.712812	3.2608452	10.26967
239433923	ACC	0.52036536	3.401768	9.276181
239433933	ACC	0.015581464	4.31823	8.285814
239433943	ACC	1.728403	5.029356	6.9018416
239433953	ACC	2.7084646	5.6524806	5.4184136
239433963	ACC	1.5444133	6.012731	5.377913
239433973	ACC	0.81360716	5.9962206	6.0104804
239433983	ACC	0.67743456	6.1223183	5.842369
239433993	ACC	0.91087884	6.600862	5.5644407
239434003	ACC	1.0972435	7.2451897	5.5422516
239434013	ACC	1.7729064	7.6537843	6.296779
239434023	ACC	2.0053737	7.3317733	7.1688147
239434033	ACC	2.8119516	6.7059293	6.4594603
239434043	ACC	1.5521992	5.9797583	5.3585396
239434053	ACC	0.20383275	5.822689	4.062845
239434063	ACC	0.86636585	6.4730687	3.45558
239434073	ACC	1.7905277	7.182088	4.1811476
239434083	ACC	2.108583	7.5802436	5.25195
239434093	ACC	1.836257	7.9333405	4.9017067
239434103	ACC	1.2121748	8.127318	2.7547207
239434113	ACC	1.0830315	8.1829405	0.32907826
239434123	ACC	1.4428513	8.530167	-0.80214375
239434133	ACC	1.5680106	8.765182	-1.0630735
239434143	ACC	2.1092918	8.900781	-0.17840633
239434153	ACC	2.7615967	9.033936	1.398932
239434163	ACC	2.5642571	9.095218	2.3973427
239434173	ACC	1.7001992	9.180719	2.706128
239434183	ACC	1.2994099	9.553803	1.9049418
239434193	ACC	1.2372563	9.832737	0.49576256
239434203	ACC	1.4104625	9.663745	-0.8717959
239434213	ACC	1.2260132	9.535157	-1.5220898
239434223	ACC	2.2058165	9.175385	-1.1694238
239434233	ACC	2.419839	9.074609	-0.21585165
239434243	ACC	1.6366092	8.995619	0.78254
239434253	ACC	0.9934405	9.005197	1.3700867
239434263	ACC	0.88430315	9.233698	1.4952077
239434273	ACC	1.1834157	9.253724	1.7618164
239434283	ACC	1.9237506	8.937852	2.19623
239434293	ACC	1.7318411	8.416998	2.2790694
239434303	ACC	1.0380397	7.7842107	1.9701598
239434313	ACC	0.70747703	7.737361	2.4124744
239434323	ACC	0.22074538	7.9079237	2.4241197
239434333	ACC	-0.5818102	8.139894	3.0566869
239434343	ACC	-0.38785112	8.235336	4.5284986
239434353	ACC	-0.5503121	8.188725	6.4321666
239434363	ACC	-0.5501971	7.9772787	7.3324437
239434373	ACC	-0.19574036	7.6558714	6.1868663
239434383	ACC	-0.013522452	7.3691897	5.2536545
239434393	ACC	-0.5124358	7.380998	4.938903
239434403	ACC	-0.6246951	7.5754457	5.1521497
239434413	ACC	-0.49563807	7.513129	5.8760414
239434423	ACC	-0.65784043	7.1877575	6.927757
239434433	ACC	0.5768398	6.545824	7.9665437
239434443	ACC	1.4936658	5.9514875	7.7781386
239434453	ACC	1.6781629	5.8738194	7.525761
239434463	ACC	1.6195914	6.143052	7.133342
239434473	ACC	1.0006039	6.866657	5.962539
239434483	ACC	0.60943925	7.171774	5.736402
239434493	ACC	1.0483155	6.9729686	6.9923716
239434503	ACC	1.0891893	5.804359	7.4652934
239434513	ACC	1.0841328	4.132057	7.0204506
239434523	ACC	0.9184158	3.443408	7.0337815
239434533	ACC	-0.14572069	3.553455	7.4656286
239434543	ACC	-0.24144088	4.020851	8.863766
239434553	ACC	0.7123325	4.6345234	9.557509
239434563	ACC	0.87046474	4.7976546	8.942496
239434573	ACC	0.202741	4.489262	8.030057
239434583	ACC	-0.10960655	3.8359327	8.0630865
239434593	ACC	1.3153552	4.2379	8.48961
239434603	ACC	2.1787426	4.889678	8.224428
239434613	ACC	1.2018126	4.933626	7.9841356
239434623	ACC	0.09291418	3.9552596	7.1023226
239434633	ACC	0.008781932	2.9049234	6.6211267
239434643	ACC	0.50956273	2.1065433	7.5204177
239434653	ACC	0.7097371	1.6682127	9.455086
239434663	ACC	0.5827966	1.8528632	11.361273
239434673	ACC	0.4626651	1.9983349	11.9819355
239434683	ACC	0.12642342	1.7603607	10.800302
239434693	ACC	-0.79677117	1.3157288	8.519796
239434703	ACC	-0.6473634	0.97790694	7.7739534
239434713	ACC	0.18764795	1.3757371	8.670966
239434723	ACC	-0.12119449	1.8441578	9.525571
239434733	ACC	-0.61482143	1.5448922	10.597896
239434743	ACC	-0.5156249	1.2619933	10.831206
239434753	ACC	-0.68312323	0.9638194	10.974552
239434763	ACC	-0.58950037	0.78841066	10.975911
239434773	ACC	-0.5408693	0.4287728	10.218951
239434783	ACC	-0.65300417	0.39249584	9.485013
239434793	ACC	-0.79946226	0.6137967	9.329849
239434803	ACC	-0.99395764	0.7733846	9.755271
239434813	ACC	-1.1769896	0.87574154	10.249137
239434823	ACC	-1.317893	1.2601067	10.624213
239434833	ACC	-1.3836474	0.8227722	10.376001
239434843	ACC	-1.1464587	0.27006596	9.912464
239434853	ACC	-1.290695	-0.51888096	9.0135565
239434863	ACC	-1.8294861	-0.93122953	8.783244
239434873	ACC	-1.9380009	-0.9967062	9.503775
239434883	ACC	-1.8783758	-0.8573157	10.532313
239434893	ACC	-1.7800506	-0.7214496	11.464778
239434903	ACC	-1.4864161	-0.5788509	11.304979
239434913	ACC	-1.2784175	-0.39465064	10.796452
239434923	ACC	-1.3028289	-0.4425155	10.299559
239434933	ACC	-1.300243	-0.4846822	9.864542
239434943	ACC	-1.4158447	-0.6476986	9.656859
239434953	ACC	-1.4278157	-1.002414	9.572287
239434963	ACC	-1.096075	-1.0534296	9.551572
239434973	ACC	-1.0158119	-0.69858974	9.874119
239434983	ACC	-1.3736972	-0.24029166	10.36493
239434993	ACC	-1.5353345	-0.08790551	10.483271
239435003	ACC	-1.3473802	-0.35657325	10.264556
239435013	ACC	-1.555532	-0.78468525	10.228748
239435023	ACC	-1.4756614	-1.2245384	10.40882
239435033	ACC	-1.1174506	-1.7837377	10.583847
239435043	ACC	-0.84617794	-2.1614661	10.581855
239435053	ACC	-0.66025376	-2.152397	10.637342
239435063	ACC	-0.6537033	-1.6154733	10.707598
239435073	ACC	-0.30352733	-0.9274084	10.839001
239435083	ACC	-0.029257145	-0.3099821	10.8083935
239435093	ACC	-0.36207035	-0.102471836	10.525964
239435103	ACC	-0.66584665	-0.26093927	10.203379
239435113	ACC	-0.7287471	-0.540764	9.9283905
239435123	ACC	-0.6588364	-0.86712235	9.801383
239435133	ACC	-0.6085678	-0.94716537	9.648633
239435143	ACC	-0.52894616	-0.95051724	9.706324
239435153	ACC	-0.25314373	-1.150165	9.975729
239435163	ACC	0.05149449	-1.0143083	10.168251
239435173	ACC	0.042894516	-0.82151765	10.4299755
239435183	ACC	0.13853809	-0.678488	10.711266
239435193	ACC	0.4461164	-0.65160596	10.692399
239435203	ACC	0.6168708	-0.71390307	10.2038765
239435213	ACC	0.7257017	-0.82877684	9.628866
239435223	ACC	0.9355966	-0.84696317	9.424459
239435233	ACC	0.6586161	-0.7566252	9.322054
239435243	ACC	0.7024013	-0.4990378	9.347194
239435253	ACC	1.039936	-0.3837714	9.381881
239435263	ACC	1.6318687	-0.4049457	9.392884
239435273	ACC	2.1260414	-0.6371928	9.617384
239435283	ACC	2.46666	-0.77146924	9.76749
239435293	ACC	2.7698233	-0.5701169	9.567202
239435303	ACC	2.723481	-0.40759847	9.742284
239435313	ACC	2.3170128	-0.41946414	9.7639
239435323	ACC	2.090569	-0.70124257	9.77001
239435333	ACC	2.3571873	-0.8361893	9.839048
239435343	ACC	2.8307796	-0.8188074	10.007601
239435353	ACC	3.396951	-0.6908325	9.899995
239435363	ACC	4.275115	-0.53714395	9.3278
239435373	ACC	4.6697755	-0.27326462	8.392433
239435383	ACC	4.8430104	-0.12169248	7.596601
239435393	ACC	4.834276	-0.47104484	7.162714
239435403	ACC	4.911092	-1.0867857	7.4728975
239435413	ACC	5.1399775	-1.8296106	7.890628
239435423	ACC	5.417801	-2.4062014	8.853499
239435433	ACC	5.955433	-2.5484552	9.998857
239435443	ACC	6.384637	-2.091843	10.211175
239435453	ACC	5.990168	-1.617312	9.134492
239435463	ACC	5.6661654	-0.885778	7.2793694
239435473	ACC	5.7241244	0.12233413	5.501847
239435483	ACC	5.944477	0.5172242	4.607574
239435493	ACC	6.301941	0.25718516	4.54702
239435503	ACC	7.2123795	-0.40276217	5.4504285
239435513	ACC	8.062839	-1.1805043	6.9139757
239435523	ACC	8.251693	-1.7969824	7.9148955
239435533	ACC	8.03272	-1.9265472	7.779106
239435543	ACC	7.842332	-1.4188135	6.8018985
239435553	ACC	7.0221744	-0.8628128	5.4559164
239435563	ACC	7.6586967	-0.45212105	4.3648214
239435573	ACC	7.5212317	0.06915412	3.2350454
239435583	ACC	7.0771546	0.31218475	2.863264
239435593	ACC	7.7188005	0.24711035	3.065919
239435603	ACC	8.78806	0.09152554	3.6093931
239435613	ACC	9.066918	-0.6256528	4.5886216
239435623	ACC	8.852542	-0.8842649	4.5554667
239435633	ACC	8.910998	-0.6617095	3.9502223
239435643	ACC	8.954899	-0.488149	3.0060735
239435653	ACC	8.766809	-0.27531406	2.1845942
239435663	ACC	8.515409	0.13690045	1.352724
239435673	ACC	8.61746	0.06947015	0.87081903
239435683	ACC	8.880295	0.080215335	0.72716695
239435693	ACC	9.631375	-0.1410089	1.4657973
239435703	ACC	9.767807	-0.74160874	1.8820915
239435713	ACC	9.900876	-0.71310824	1.7731458
239435723	ACC	9.896279	-0.46653414	1.258651
239435733	ACC	9.676291	-0.54034257	0.27969065
239435743	ACC	9.293324	-0.26658958	-0.1587643
239435753	ACC	9.170042	0.0559094	-0.3727006
239435763	ACC	9.457671	-0.028558038	0.07806055
239435773	ACC	9.911124	-0.34595257	0.84746116
239435783	ACC	10.207123	-0.59747785	1.0866228
239435793	ACC	10.380665	-0.7288908	0.76081985
239435803	ACC	10.06486	-0.8857206	0.07157706
239435813	ACC	9.807273	-0.6626767	-0.4796831
239435823	ACC	9.685696	-0.24388297	-0.61390203
239435833	ACC	9.657674	0.20693564	-0.7773494
239435843	ACC	9.774529	-0.070494875	-1.1601822
239435853	ACC	9.99672	-0.2249592	-1.2103647
239435863	ACC	9.717279	-0.66044533	-1.2170494
239435873	ACC	9.843118	-0.4692731	-1.0455287
239435883	ACC	10.1758175	-0.17668252	-1.3990278
239435893	ACC	10.342817	0.06479668	-1.8367357
239435903	ACC	10.249328	0.010639832	-2.0248435
239435913	ACC	10.196674	-0.07022672	-1.7242274
239435923	ACC	10.51179	-0.061760828	-1.2576358
239435933	ACC	10.587122	-0.15180197	-0.873309
239435943	ACC	10.531481	-0.44184512	-0.7733463
239435953	ACC	10.439151	-0.32788113	-0.8560995
239435963	ACC	10.505556	-0.117957525	-1.0049806
239435973	ACC	10.477937	0.10509588	-1.1286267
239435983	ACC	10.330291	0.2242122	-0.89161986
239435993	ACC	10.130739	0.09805692	-0.37866694
239436003	ACC	10.223577	-0.12156799	-0.30944577
239436013	ACC	10.384142	-0.16822618	-0.05488468
239436023	ACC	10.329257	-0.13017754	0.20132364
239436033	ACC	10.360803	-0.21348618	0.5123209
239436043	ACC	10.249013	-0.27102363	0.45908338
239436053	ACC	10.036292	-0.36651397	0.15815139
239436063	ACC	9.750492	-0.5148204	0.12324393
239436073	ACC	9.760031	-0.44350192	0.5709596
239436083	ACC	9.980498	-0.097166285	1.202234
239436093	ACC	9.921256	0.016318878	1.5287839
239436103	ACC	9.672068	-0.1647115	1.6192273
239436113	ACC	8.807857	-0.46846867	1.70222
239436123	ACC	9.033151	-0.25966552	1.8589253
239436133	ACC	9.294042	-0.10155246	2.000844
239436143	ACC	9.953166	0.31373617	2.1577885
239436153	ACC	8.944489	0.19429424	2.310309
239436163	ACC	8.400564	0.07932469	3.1830528
239436173	ACC	7.963201	-0.072956115	4.7119136
239436183	ACC	8.003826	-0.02705448	5.539302
239436193	ACC	8.199902	0.084189706	5.6243534
239436203	ACC	7.7917666	-0.45668918	5.472408
239436213	ACC	8.437732	-0.98535764	5.269092
239436223	ACC	7.9825177	-1.1360966	4.511672
239436233	ACC	8.200055	-0.28413427	3.8246224
239436243	ACC	7.884585	0.77686095	2.9038217
239436253	ACC	7.583816	1.2526559	2.4118803
239436263	ACC	7.052437	1.250549	2.6798682
239436273	ACC	6.6002393	1.1272572	3.7108305
239436283	ACC	6.715209	0.6538565	5.147534
239436293	ACC	6.9697413	-0.2554613	6.836672
239436303	ACC	6.8750362	-0.85722953	7.5094423
239436313	ACC	6.9601555	-0.36749083	6.8688207
239436323	ACC	7.185507	0.5756044	5.328085
239436333	ACC	6.8419294	1.0214719	4.608494
239436343	ACC	5.8832912	0.86792684	4.711157
239436353	ACC	5.620494	0.5710171	5.897513
239436363	ACC	5.945157	-0.058734555	7.834661
239436373	ACC	5.94373	-0.8361606	9.393832
239436383	ACC	5.597615	-1.1733887	10.471567
239436393	ACC	5.1898155	-0.8927787	10.964515
239436403	ACC	4.7925215	-0.6803076	10.453832
239436413	ACC	4.75431	-0.3712449	8.684153
239436423	ACC	4.5841784	-0.07218039	7.5492725
239436433	ACC	4.5503144	-0.08170931	7.0955715
239436443	ACC	4.572753	-0.29098168	6.9812813
239436453	ACC	4.1806593	-0.35424608	7.4246974
239436463	ACC	3.1986437	-0.16230772	8.53304
239436473	ACC	2.748649	0.10348698	9.7042265
239436483	ACC	2.7105043	0.08473559	10.73539
239436493	ACC	2.5978525	-0.26830384	11.321156
239436503	ACC	2.8481615	-0.5056554	11.036743
239436513	ACC	3.0811844	-0.35640088	10.0066805
239436523	ACC	2.9945524	0.18041746	8.913124
239436533	ACC	2.6597188	0.8491276	7.9051366
239436543	ACC	2.4608178	1.3693397	7.465485
239436553	ACC	2.4266863	1.4360231	7.4905186
239436563	ACC	2.1228142	1.0332034	8.107514
239436573	ACC	1.9627378	0.53107226	9.124159
239436583	ACC	1.9058037	0.23335804	10.285883
239436593	ACC	1.7242754	0.037636854	11.033047
239436603	ACC	1.589702	-0.1190014	11.169296
239436613	ACC	1.3626839	-0.0029592332	11.04428
239436623	ACC	1.3753252	0.18650831	10.587495
239436633	ACC	1.5090557	0.20695479	9.954726
239436643	ACC	1.6309685	0.09692687	9.691163
239436653	ACC	1.6427289	0.09343133	9.739402
239436663	ACC	1.5340513	0.09802819	10.0698395
239436673	ACC	1.4767915	0.22298637	10.514022
239436683	ACC	1.4834665	0.17357962	11.122552
239436693	ACC	1.3933583	0.06827305	11.355909
239436703	ACC	1.442947	-0.034332853	10.673581
239436713	ACC	1.3734099	-0.20544167	9.696804
239436723	ACC	1.3516705	-0.23030305	9.100878
239436733	ACC	1.5606556	0.025560496	9.148253
239436743	ACC	1.5890796	0.06157887	9.552023
239436753	ACC	1.4066796	0.054357957	10.060101
239436763	ACC	1.3706517	0.12145306	10.591719
239436773	ACC	1.4347111	0.016673222	10.8451395
239436783	ACC	1.5521035	-0.053610966	10.72994
239436793	ACC	1.6746197	-0.073645644	10.422765
239436803	ACC	1.6644298	0.038977604	10.155304
239436813	ACC	1.481149	0.076049425	10.0852585
239436823	ACC	1.5132887	0.30041486	10.11688
239436833	ACC	1.4985979	0.54272723	10.090459
239436843	ACC	1.2766745	0.434787	10.137988
239436853	ACC	1.0838456	0.5065173	10.203188
239436863	ACC	0.75506413	0.23728454	10.272878
239436873	ACC	0.5019683	-0.21237527	10.368282
239436883	ACC	0.67272276	-0.58808297	10.440492
239436893	ACC	0.6435327	-0.520509	10.291543
239436903	ACC	0.49132848	-0.08226477	10.17484
239436913	ACC	0.1768932	0.41636127	10.117265
239436923	ACC	-0.20124702	0.52479947	9.858451
239436933	ACC	-0.5573606	0.3475902	9.520573
239436943	ACC	-0.93738747	0.16434757	9.170846
239436953	ACC	-0.9368032	-0.030664936	9.422735
239436963	ACC	-0.96580184	-0.081287935	10.155553
239436973	ACC	-1.3776715	-0.291518	10.434285
239436983	ACC	-1.798486	-0.5071781	10.138582
239436993	ACC	-2.0893817	-0.5342134	9.67721
239437003	ACC	-2.3036337	-0.3459047	9.0540285
239437013	ACC	-2.3899305	-0.04233906	8.516491
239437023	ACC	-2.831268	0.15109327	8.219897
239437033	ACC	-3.441464	0.070992865	8.33253
239437043	ACC	-3.6743526	-0.40123948	8.683032
239437053	ACC	-3.7375596	-0.9969456	8.88673
239437063	ACC	-4.2926984	-1.0905876	9.326642
239437073	ACC	-4.894237	-0.91228664	9.82046
239437083	ACC	-5.3656454	-0.2691274	10.305553
239437093	ACC	-5.705421	0.3994103	9.454827
239437103	ACC	-5.58753	0.5881692	8.330979
239437113	ACC	-5.6836815	0.25893772	7.154813
239437123	ACC	-5.827669	0.14293383	5.7726984
239437133	ACC	-6.3704634	-0.68907034	4.922766
239437143	ACC	-6.5832024	-1.4362433	5.260885
239437153	ACC	-6.921436	-1.3527049	5.8887978
239437163	ACC	-7.7776504	-0.93337476	6.3718615
239437173	ACC	-8.491927	-0.6944717	6.2907267
239437183	ACC	-8.670869	-0.40438068	6.2864556
239437193	ACC	-8.939614	-0.27680802	5.8120203
239437203	ACC	-8.995667	-0.47197375	5.127489
239437213	ACC	-8.88946	-0.4468155	4.2797694
239437223	ACC	-8.716264	-0.27003723	3.5914652
239437233	ACC	-8.396686	-0.5128476	3.8580358
239437243	ACC	-7.6280317	-1.2263676	4.705382
239437253	ACC	-7.08495	-1.3311954	5.395678
239437263	ACC	-6.401511	-1.1720191	6.7758875
239437273	ACC	-7.2792444	-0.42276812	6.849993
239437283	ACC	-7.945963	-0.21303608	6.001143
239437293	ACC	-8.72788	-0.018148048	4.901592
239437303	ACC	-9.29885	-0.18408537	4.2459345
239437313	ACC	-9.085593	-0.3622523	4.329272
239437323	ACC	-8.932087	-0.5393849	4.184653
239437333	ACC	-8.662337	-0.5789467	3.7750623
239437343	ACC	-8.346656	-0.67983836	3.1989026
239437353	ACC	-8.476882	-0.87983084	1.9643371
239437363	ACC	-8.961488	-0.99286586	1.0309337
239437373	ACC	-9.745176	-0.6134711	0.42936656
239437383	ACC	-10.171363	-0.32613814	0.9969935
239437393	ACC	-10.278931	-0.12475707	2.1946497
239437403	ACC	-10.8382635	-0.43354204	3.0803416
239437413	ACC	-10.883208	-0.9854343	3.6938894
239437423	ACC	-10.419623	-0.93836427	3.8762028
239437433	ACC	-9.931321	-0.771565	3.6096804
239437443	ACC	-9.186159	-0.71820307	3.1062946
239437453	ACC	-8.32507	-0.48908752	2.5241685
239437463	ACC	-8.480349	-1.0246896	1.694166
239437473	ACC	-9.41355	-1.373793	1.5772427
239437483	ACC	-9.969331	-1.2732173	1.8470979
239437493	ACC	-9.984587	-0.9316796	2.2895942
239437503	ACC	-9.659158	-0.760772	2.7986016
239437513	ACC	-8.882757	-0.917822	3.0247483
239437523	ACC	-8.547358	-0.99998146	2.7761152
239437533	ACC	-8.558849	-0.87484133	2.0850527
239437543	ACC	-8.798538	-0.757286	1.1318061
239437553	ACC	-8.904926	-0.6697827	0.6326439
239437563	ACC	-9.412851	-0.43869436	-0.040567353
239437573	ACC	-10.02459	-0.21339998	-0.4649827
239437583	ACC	-10.45614	0.07319553	-0.760772
239437593	ACC	-10.4725065	0.11477803	-0.9611762
239437603	ACC	-10.244769	-0.14822981	-0.2776795
239437613	ACC	-10.107975	-0.30870837	0.31656134
239437623	ACC	-9.860328	-0.44345403	0.22614671
239437633	ACC	-9.58128	-0.77230245	-0.14101848
239437643	ACC	-9.525609	-0.38498765	-0.3923139
239437653	ACC	-9.565794	-1.169807	-0.020264523
239437663	ACC	-10.109708	-1.5028979	0.93780875
239437673	ACC	-9.816256	-1.6295798	2.461814
239437683	ACC	-9.818449	-1.2303897	3.2860706
239437693	ACC	-9.807972	-0.71709216	3.207828
239437703	ACC	-9.56585	-0.4442106	2.5608764
239437713	ACC	-9.449109	-0.35000357	2.3193111
239437723	ACC	-9.159765	-0.60506266	2.6369834
239437733	ACC	-9.092814	-0.7578414	3.3022363
239437743	ACC	-9.668524	-0.52008766	4.1366634
239437753	ACC	-9.950503	-0.3191854	5.0115237
239437763	ACC	-10.264086	-0.48898217	5.796238
239437773	ACC	-10.011048	-0.8615008	5.9509034
239437783	ACC	-9.212984	-1.2404454	5.450898
239437793	ACC	-8.343813	-1.2509513	4.8842
239437803	ACC	-7.617957	-0.7881233	5.0410495
239437813	ACC	-7.08972	-0.4780646	6.2626667
239437823	ACC	-6.818639	-0.5332079	7.0966344
239437833	ACC	-6.543334	-0.8474325	7.622631
239437843	ACC	-6.7400036	-0.9117311	8.570236
239437853	ACC	-6.905232	-0.51118124	8.772211
239437863	ACC	-7.1761117	-0.01892377	8.318605
239437873	ACC	-7.6750064	0.19371007	7.683702
239437883	ACC	-7.802397	0.07758171	7.0926023
239437893	ACC	-7.1967597	-0.2911158	6.81996
239437903	ACC	-6.549693	-0.7441466	7.209554
239437913	ACC	-5.351587	-0.9275329	8.595299
239437923	ACC	-3.5930552	-0.49815676	9.623666
239437933	ACC	-2.8174295	-0.068569936	9.464355
239437943	ACC	-3.3713424	0.10637917	7.9308887
239437953	ACC	-4.6083403	0.41483852	6.2683268
239437963	ACC	-5.147534	0.38882795	5.1129036
239437973	ACC	-4.5965514	0.31258696	5.4824247
239437983	ACC	-3.6297152	0.27279535	6.651035
239437993	ACC	-2.450954	-0.012401965	7.5133786
239438003	ACC	-1.621813	-0.2103354	7.8694158
239438013	ACC	-1.3584509	-0.03997359	8.009916
239438023	ACC	-1.0394284	0.5913199	8.202344
239438033	ACC	-0.6246089	1.2458181	8.204584
239438043	ACC	-0.93822056	1.9136088	7.970537
239438053	ACC	-0.8124963	2.5999117	8.138332
239438063	ACC	-0.025388114	2.806081	8.361136
239438073	ACC	0.7981502	2.3397481	8.274687
239438083	ACC	0.72485894	1.5260354	8.216565
239438093	ACC	0.42628282	0.97588617	8.548708
239438103	ACC	-0.10014467	0.71098214	8.913364
239438113	ACC	0.012258313	0.7809024	8.886204
239438123	ACC	0.6840809	1.0899459	9.083036
239438133	ACC	1.0607367	1.440256	9.280567
239438143	ACC	1.1567346	1.4811106	9.373385
239438153	ACC	1.0276296	1.2991322	9.317907
239438163	ACC	0.8358829	1.0117034	8.932632
239438173	ACC	0.9018479	0.9461023	8.814186
239438183	ACC	0.87103933	1.1940362	8.872356
239438193	ACC	0.77311647	1.4321349	8.941423
239438203	ACC	1.0940545	1.3535379	9.345842
239438213	ACC	1.5181059	0.97872096	9.811506
239438223	ACC	2.3590834	0.60614485	10.829712
239438233	ACC	2.6218138	0.39557958	11.498374
239438243	ACC	2.4494312	0.32388762	11.361484
239438253	ACC	2.2489023	0.08077079	11.224448
239438263	ACC	2.2636795	-0.13756125	11.17189
239438273	ACC	2.1855612	-0.17968962	10.804371
239438283	ACC	2.0981443	-0.15739483	10.23662
239438293	ACC	2.0829556	0.12488156	9.840619
239438303	ACC	2.1342585	0.33584902	9.758211
239438313	ACC	2.1108813	0.20152475	9.825191
239438323	ACC	2.4673781	0.31065246	9.987777
239438333	ACC	2.6472113	0.3934727	10.133814
239438343	ACC	2.5596697	0.41089287	10.026859
239438353	ACC	1.7973176	0.4073495	9.745483
239438363	ACC	1.2415756	0.24704331	10.107324
239438373	ACC	1.5652142	-0.089686796	10.65302
239438383	ACC	2.361583	-0.43873265	11.126832
239438393	ACC	2.7336037	-0.84769106	11.310458
239438403	ACC	2.5678484	-1.2031343	10.936589
239438413	ACC	2.385008	-1.044255	10.415764
239438423	ACC	1.9240283	-0.41509712	9.880009
239438433	ACC	1.5269357	0.24434265	9.465505
239438443	ACC	1.1609197	0.23733243	8.817654
239438453	ACC	1.1746912	-0.04699339	8.6021185
239438463	ACC	1.1491593	-0.6574861	8.984606
239438473	ACC	1.1329458	-1.3588626	9.269392
239438483	ACC	1.3227963	-1.6841006	9.92297
239438493	ACC	1.3810042	-2.051419	10.295269
239438503	ACC	1.3481749	-1.8130524	10.169735
239438513	ACC	0.95853305	-1.9281176	9.680323
239438523	ACC	0.65141445	-2.5430443	9.1290045
239438533	ACC	0.7219188	-3.2664669	8.6676035
239438543	ACC	0.8604186	-3.5130696	8.142986
239438553	ACC	1.4688236	-3.5934956	7.9146276
239438563	ACC	1.3136314	-4.5496345	8.586939
239438573	ACC	0.9614539	-4.9793935	9.326805
239438583	ACC	0.61146957	-4.937447	8.950531
239438593	ACC	0.526054	-4.0387216	8.395392
239438603	ACC	1.2390186	-3.5927486	7.6997333
239438613	ACC	1.6289382	-5.173803	7.218087
239438623	ACC	0.81331986	-7.165386	7.3861027
239438633	ACC	-0.19962855	-8.562891	7.821579
239438643	ACC	-0.89720315	-9.176812	9.323146
239438653	ACC	-0.65134734	-8.59867	10.170568
239438663	ACC	0.17830099	-7.402709	9.2699375
239438673	ACC	0.61363393	-6.409843	7.673599
239438683	ACC	0.68091094	-6.045264	6.0994782
239438693	ACC	0.41724232	-6.3955064	5.8490157
239438703	ACC	0.27906814	-7.283104	5.465455
239438713	ACC	0.222067	-7.673599	5.7411237
239438723	ACC	-0.6309679	-7.4859886	6.327042
239438733	ACC	-0.731218	-7.4364	6.869865
239438743	ACC	-0.95534396	-7.9048595	7.140467
239438753	ACC	-0.7797149	-8.710527	7.2478323
239438763	ACC	-0.47887868	-9.238132	7.105655
239438773	ACC	-0.54849243	-9.107132	6.3455253
239438783	ACC	-0.59515065	-8.3735	5.130717
239438793	ACC	0.21064186	-7.640319	4.379225
239438803	ACC	0.7756543	-7.4666057	3.308691
239438813	ACC	0.8646133	-8.032298	3.4825673
239438823	ACC	0.37955758	-8.912598	3.5153298
239438833	ACC	-0.0514083	-9.350737	2.8043382
239438843	ACC	-0.37096718	-9.13886	2.0539186
239438853	ACC	-0.7534648	-8.939489	1.5177611
239438863	ACC	-0.795191	-8.938475	1.361525
239438873	ACC	-0.71427655	-9.295172	2.0966983
239438883	ACC	-0.4407055	-9.492982	3.3170133
239438893	ACC	0.65986115	-8.555555	3.4703474
239438903	ACC	0.5770218	-8.306214	3.9442942
239438913	ACC	0.10572794	-8.354327	3.471535
239438923	ACC	-0.5290707	-8.169122	2.964922
239438933	ACC	-0.43349418	-8.263224	2.332824
239438943	ACC	0.22221065	-8.586345	1.3813204
239438953	ACC	0.21340956	-9.59643	1.2646078
239438963	ACC	0.18621142	-9.984176	1.5719275
239438973	ACC	0.23580971	-9.113596	1.8188176
239438983	ACC	0.68532586	-7.915317	1.7164032
239438993	ACC	1.1403774	-7.768572	2.0083616
239439003	ACC	1.0510738	-8.12253	3.0178914
239439013	ACC	0.68563235	-8.767405	3.0910964
239439023	ACC	0.14968549	-9.6101055	2.8093083
239439033	ACC	-0.12641385	-10.050264	2.716078
239439043	ACC	0.087311745	-10.290221	2.367626
239439053	ACC	0.13684298	-9.997334	1.7176577
239439063	ACC	0.34646973	-9.934089	1.0794593
239439073	ACC	0.27045858	-9.748911	0.83333546
239439083	ACC	-0.65626025	-9.433758	0.6039613
239439093	ACC	-0.4090829	-10.200066	0.13336661
239439103	ACC	0.27502674	-10.661878	0.72375757
239439113	ACC	0.6289376	-10.911795	0.22316833
239439123	ACC	0.4870189	-10.977999	0.5211698
239439133	ACC	0.254676	-10.685753	0.4548792
239439143	ACC	0.2959425	-10.1215925	-0.26183948
239439153	ACC	0.30116183	-9.847715	-0.6035687
239439163	ACC	0.17280391	-10.119449	-0.61774236
239439173	ACC	-0.041467573	-10.687994	-0.031900343
239439183	ACC	-0.3617639	-10.51633	0.014106636
239439193	ACC	-0.44201753	-9.883964	0.35794273
239439203	ACC	0.23497653	-9.583051	0.13107775
239439213	ACC	0.23757185	-9.605978	-0.5071015
239439223	ACC	0.7102448	-9.971486	-0.46162125
239439233	ACC	0.524493	-10.4453945	-0.3488735
239439243	ACC	0.43721953	-10.627622	-0.12577221
239439253	ACC	-0.11287224	-10.480244	0.27970022
239439263	ACC	-0.4279109	-10.573552	0.26248112
239439273	ACC	-0.18431522	-10.562873	-0.19789514
239439283	ACC	-0.056694694	-10.465199	-0.96930695
239439293	ACC	0.4433487	-10.570142	-1.582414
239439303	ACC	0.78371793	-10.37647	-1.6365614
239439313	ACC	0.37345716	-10.008673	-1.1856661
239439323	ACC	-0.27219203	-9.935525	-1.0047985
239439333	ACC	-0.5190055	-10.020673	-0.09118078
239439343	ACC	-0.18670943	-10.465534	0.64477766
239439353	ACC	0.14763604	-10.783542	1.6703004
239439363	ACC	0.47085327	-10.912321	2.6056
239439373	ACC	0.505665	-11.2422905	3.0981162
239439383	ACC	0.87653637	-11.262947	3.0024533
239439393	ACC	1.0286545	-10.65163	1.1638023
239439403	ACC	0.32968158	-9.868517	-0.432163
239439413	ACC	0.44065762	-9.175145	-0.9876274
239439423	ACC	0.8420407	-9.475743	-0.3140331
239439433	ACC	0.4028484	-10.224333	0.47149494
239439443	ACC	-0.18413328	-10.488931	1.5195423
239439453	ACC	-0.41673476	-11.074102	2.689991
239439463	ACC	0.4989995	-11.528426	4.319523
239439473	ACC	1.0937	-11.477228	4.5932183
239439483	ACC	1.2070512	-10.92594	3.1265304
239439493	ACC	0.9478836	-10.709226	1.2130079
239439503	ACC	0.24240813	-10.217812	0.18651788
239439513	ACC	-0.11993992	-9.562824	-0.008504204
239439523	ACC	-0.14604631	-9.303945	0.86634666
239439533	ACC	-0.26052746	-9.210159	1.9444366
239439543	ACC	0.04191768	-9.078707	3.2907825
239439553	ACC	0.3559412	-9.165761	4.6936026
239439563	ACC	0.77639174	-9.424449	5.606751
239439573	ACC	1.6606566	-9.486287	4.928838
239439583	ACC	1.9656491	-9.169553	3.440152
239439593	ACC	1.2444487	-8.617	2.2543805
239439603	ACC	0.86177856	-8.2721	2.2691476
239439613	ACC	0.27687505	-7.83513	3.3820493
239439623	ACC	0.07445967	-7.2971053	4.6715565
239439633	ACC	0.51883304	-7.0386467	5.8023286
239439643	ACC	0.76390356	-6.7779946	6.2238903
239439653	ACC	1.1828314	-6.78624	6.465829
239439663	ACC	1.5088835	-6.8171062	6.27414
239439673	ACC	1.5459455	-6.4905467	5.0234756
239439683	ACC	1.4939915	-6.1819916	4.3458786
239439693	ACC	1.37997	-5.8871603	4.619612
239439703	ACC	1.3415478	-5.6117406	5.577676
239439713	ACC	1.2375245	-5.639868	6.9353223
239439723	ACC	1.2967858	-5.9815106	8.560228
239439733	ACC	1.6984371	-6.138647	9.072493
239439743	ACC	1.7713166	-5.9204206	9.626635
239439753	ACC	1.7870992	-5.7963047	9.742543
239439763	ACC	2.0826588	-5.636995	8.646344
239439773	ACC	2.0049524	-5.4272914	6.877373
239439783	ACC	1.7337563	-5.0704694	6.0994873
239439793	ACC	1.4768299	-4.57192	6.5673623
239439803	ACC	1.2950907	-4.217013	7.7378683
239439813	ACC	1.3498604	-4.0194626	8.655192
239439823	ACC	1.42229	-4.192448	9.548421
239439833	ACC	1.3348632	-4.3146677	10.00217
239439843	ACC	1.3318561	-4.0371795	9.840571
239439853	ACC	1.4765233	-3.6879995	9.322265
239439863	ACC	1.5245318	-3.2038822	8.723495
239439873	ACC	1.3568898	-2.7600834	8.171602
239439883	ACC	1.1290385	-2.4607701	7.566817
239439893	ACC	1.1088698	-2.387249	7.2458787
239439903	ACC	1.4197807	-2.343435	7.471786
239439913	ACC	1.5554745	-2.4033856	8.220578
239439923	ACC	1.6337937	-2.093988	9.347787
239439933	ACC	1.5462426	-1.7513969	10.285328
239439943	ACC	1.3324403	-1.7033883	10.3727255
239439953	ACC	1.0819206	-1.7888708	9.966352
239439963	ACC	1.2042165	-1.765877	9.210935
239439973	ACC	1.2634681	-1.6301162	8.291417
239439983	ACC	1.3702303	-1.5187092	7.9749904
239439993	ACC	1.1436527	-1.953477	8.51356
239440003	ACC	1.3200575	-1.7819372	9.148053
239440013	ACC	1.5686331	-1.2150382	10.233277
239440023	ACC	1.5656738	-1.003496	11.117437
239440033	ACC	1.6326827	-1.0203896	10.910186
239440043	ACC	1.5748005	-0.87155646	10.267505
239440053	ACC	1.2435292	-0.6207782	9.676798
239440063	ACC	0.89460784	-0.5994794	9.189234
239440073	ACC	0.8389953	-0.7345986	8.968306
239440083	ACC	0.7722545	-0.80875176	9.164649
239440093	ACC	0.7272723	-0.8496255	9.4358835
239440103	ACC	0.7708467	-0.6872795	9.6041
239440113	ACC	0.6457162	-0.56811535	9.261079
239440123	ACC	0.32509428	-0.3345849	8.891462
239440133	ACC	0.2860688	0.08673713	8.798098
239440143	ACC	0.4612286	0.3844609	8.838483
239440153	ACC	0.64825404	0.32179028	9.070404
239440163	ACC	0.640583	0.14407349	9.593222
239440173	ACC	0.62642854	-0.04729985	9.842093
239440183	ACC	0.9022022	-0.12588713	10.056021
239440193	ACC	0.9741432	-0.03389232	10.35363
239440203	ACC	0.8093551	0.0011109096	10.436747
239440213	ACC	0.6653582	0.049291823	10.127655
239440223	ACC	0.6452469	0.23406674	9.765815
239440233	ACC	0.65487164	0.4482712	9.394617
239440243	ACC	0.55593365	0.5364736	8.838434
239440253	ACC	0.3885885	0.46187982	8.374209
239440263	ACC	0.35028127	0.4171274	8.438182
239440273	ACC	0.3784754	0.49199888	8.956086
239440283	ACC	0.40538624	0.5612488	9.613936
239440293	ACC	0.46408248	0.6656455	9.980076
239440303	ACC	0.56908256	0.69252765	10.055666
239440313	ACC	0.5455715	0.6452948	9.840045
239440323	ACC	0.6487233	0.49678725	9.45407
239440333	ACC	0.3257551	0.45427582	9.405037
239440343	ACC	-0.024277205	0.60072434	9.468991
239440353	ACC	-0.021566968	0.6001785	9.525179
239440363	ACC	-0.06136818	0.55229443	9.681434
239440373	ACC	-0.1642997	0.63360155	9.828063
239440383	ACC	-0.11117715	0.8085889	10.014046
239440393	ACC	0.06644388	1.0061489	10.050868
239440403	ACC	0.048420332	1.147809	9.93881
239440413	ACC	-0.026364949	1.1166748	9.661762
239440423	ACC	-0.10846691	0.94112235	9.512288
239440433	ACC	-0.18270631	0.75040984	9.84876
239440443	ACC	-0.16100527	0.6235747	10.289858
239440453	ACC	0.016242264	0.6056851	10.533242
239440463	ACC	0.19417934	0.67166936	10.385932
239440473	ACC	0.31626445	0.798495	9.9993925
239440483	ACC	0.15164874	1.0703709	9.66365
239440493	ACC	-0.013426684	1.2464213	9.406511
239440503	ACC	-0.052222326	1.258038	9.527352
239440513	ACC	-0.06810067	1.1840476	9.892621
239440523	ACC	-0.03776135	1.0990918	10.145602
239440533	ACC	0.09401551	1.0441976	10.245536
239440543	ACC	0.13726437	1.0559962	10.254155
239440553	ACC	0.13940957	1.1445912	10.06552
239440563	ACC	0.1481149	1.174241	10.040334
239440573	ACC	0.25137204	1.1781197	10.248351
239440583	ACC	0.27017128	1.1026831	10.324631
239440593	ACC	0.25859293	0.9314785	10.375464
239440603	ACC	0.18201679	0.8785954	10.301015
239440613	ACC	0.15524003	0.94261634	10.061125
239440623	ACC	0.17958428	0.92239016	9.7364235
239440633	ACC	0.23611617	0.8902791	9.527381
239440643	ACC	0.25606465	0.87193954	9.487925
239440653	ACC	0.2534119	0.79366827	9.652559
239440663	ACC	0.23038924	0.68076736	9.909074
239440673	ACC	0.36880282	0.65477586	10.096014
239440683	ACC	0.38850233	0.7336217	10.034789
239440693	ACC	0.35728192	0.8395604	9.789852
239440703	ACC	0.24459164	0.9189233	9.449991
239440713	ACC	0.19871874	1.013025	9.297547
239440723	ACC	0.14098018	1.0622307	9.2633095
239440733	ACC	0.20105548	0.97838575	9.327945
239440743	ACC	0.2380028	0.85943216	9.511234
239440753	ACC	0.35785654	0.73766315	9.772307
239440763	ACC	0.35987726	0.7433709	9.917089
239440773	ACC	0.37136942	0.75519824	10.056853
239440783	ACC	0.405731	0.75530356	10.032998
239440793	ACC	0.39143282	0.7735283	9.856603
239440803	ACC	0.36426342	0.82128775	9.49551
239440813	ACC	0.26952007	0.859777	9.201501
239440823	ACC	0.22054428	0.77175653	9.090938
239440833	ACC	0.14496413	0.7438689	9.233842
239440843	ACC	0.23233333	0.70390487	9.670535
239440853	ACC	0.13046484	0.72096115	9.999413
239440863	ACC	0.24814464	0.63051784	10.223787
239440873	ACC	0.3626162	0.46357492	10.125845
239440883	ACC	0.2997062	0.4093989	9.801393
239440893	ACC	0.27350402	0.61782855	9.74896
239440903	ACC	0.34043634	0.70470935	9.417248
239440913	ACC	0.28579107	0.702047	9.145305
239440923	ACC	0.26478913	0.7264966	9.157841
239440933	ACC	0.24904487	0.68081516	9.408887
239440943	ACC	0.21993136	0.5922489	9.856728
239440953	ACC	0.2922075	0.51565355	10.224592
239440963	ACC	0.34658462	0.4743201	10.3644705
239440973	ACC	0.33257377	0.47294104	10.308552
239440983	ACC	0.3267798	0.5745701	10.103062
239440993	ACC	0.25488672	0.6782774	9.844909
239441003	ACC	0.2724985	0.71004367	9.599302
239441013	ACC	0.36481887	0.669007	9.616244
239441023	ACC	0.40590337	0.6531957	9.746652
239441033	ACC	0.4150684	0.5844055	9.887287
239441043	ACC	0.44217074	0.5208921	9.980987
239441053	ACC	0.42180088	0.51377654	9.989308
239441063	ACC	0.40133524	0.6093052	9.913862
239441073	ACC	0.42594764	0.6666702	9.806181
239441083	ACC	0.45638272	0.6977661	9.759542
239441093	ACC	0.4647433	0.68891716	9.797141
239441103	ACC	0.40945637	0.6464344	9.912637
239441113	ACC	0.3882629	0.62798953	9.958606
239441123	ACC	0.4178361	0.6407554	9.9680195
239441133	ACC	0.30870837	0.6998156	9.787803
239441143	ACC	0.2040147	0.6622362	9.447051
239441153	ACC	0.2565435	0.58468324	9.331507
239441163	ACC	0.3811665	0.5475252	9.544686
239441173	ACC	0.43139684	0.55101115	9.8225765
239441183	ACC	0.47879246	0.5245313	10.004775
239441193	ACC	0.5042955	0.45736915	10.010741
239441203	ACC	0.47897443	0.445446	9.93791
239441213	ACC	0.44179723	0.4200483	9.898932
239441223	ACC	0.41906193	0.46401545	9.874147
239441233	ACC	0.32852277	0.44371262	9.805415
239441243	ACC	0.35660198	0.3923905	9.680312
239441253	ACC	0.34510022	0.31494287	9.671857
239441263	ACC	0.37804443	0.37615782	9.720325
239441273	ACC	0.4469017	0.41603565	9.805472
239441283	ACC	0.44446918	0.46392927	9.773275
239441293	ACC	0.43701842	0.52685845	9.760739
239441303	ACC	0.39295554	0.53862834	9.734729
239441313	ACC	0.36016455	0.50109684	9.623245
239441323	ACC	0.34005326	0.44696873	9.57697
239441333	ACC	0.31935778	0.42047927	9.559118
239441343	ACC	0.34137484	0.41769242	9.609243
239441353	ACC	0.43672156	0.3942963	9.71818
239441363	ACC	0.48160803	0.37967253	9.876791
239441373	ACC	0.4338868	0.4071867	9.878543
239441383	ACC	0.3886747	0.43102336	9.715488
239441393	ACC	0.40056908	0.5260827	9.534391
239441403	ACC	0.34654632	0.58179104	9.502567
239441413	ACC	0.31585267	0.5878723	9.650721
239441423	ACC	0.33876997	0.51952267	9.752158
239441433	ACC	0.35461956	0.45784798	9.847409
239441443	ACC	0.39486134	0.30619925	9.824818
239441453	ACC	0.5337921	0.29615316	9.649188
239441463	ACC	0.65223795	0.41753918	9.552147
239441473	ACC	0.59422165	0.61915016	9.597368
239441483	ACC	0.35574004	0.7458704	9.5317
239441493	ACC	0.35100913	0.68221337	9.523225
239441503	ACC	0.603607	0.5546695	9.579843
239441513	ACC	0.732032	0.40517554	10.000159
239441523	ACC	0.30387208	-0.08566453	10.265877
239441533	ACC	0.65196025	-0.037857115	10.603498
239441543	ACC	1.1603259	0.60812724	10.3941
239441553	ACC	1.1890085	0.9934788	10.024254
239441563	ACC	0.97399956	1.2612655	9.775353
239441573	ACC	0.36132333	0.97853893	9.475963
239441583	ACC	0.0926173	0.801483	9.230184
239441593	ACC	0.03148854	0.7710287	9.301483
239441603	ACC	-0.0041850647	0.7229149	9.999326
239441613	ACC	0.77621937	0.7241694	10.759227
239441623	ACC	1.3325074	0.7478241	10.818631
239441633	ACC	1.2443433	0.8022491	10.183756
239441643	ACC	1.1934234	0.7568551	9.071793
239441653	ACC	0.6355457	0.9621435	7.912281
239441663	ACC	0.6327588	1.26863	6.9221544
239441673	ACC	0.73574775	1.1069832	8.202477
239441683	ACC	0.9443689	0.745382	9.673398
239441693	ACC	0.6283247	0.7032537	11.340041
239441703	ACC	1.2569846	0.6779901	11.018682
239441713	ACC	1.4877857	1.0567431	9.489687
239441723	ACC	1.3974285	1.2552991	8.830391
239441733	ACC	1.2796433	1.1049433	9.083103
239441743	ACC	1.0080835	0.7448457	9.682679
239441753	ACC	1.2106041	0.35058773	10.129264
239441763	ACC	1.3119651	0.08511866	10.144051
239441773	ACC	1.0440252	-0.027906815	10.540224
239441783	ACC	0.5827774	-0.26203102	11.039836
239441793	ACC	0.47520113	-0.31230924	10.62496
239441803	ACC	0.6368672	-0.062479086	10.529728
239441813	ACC	0.9972999	0.038623262	9.820488
239441823	ACC	1.3788495	0.3020812	9.315178
239441833	ACC	1.4805936	0.7318213	9.452989
239441843	ACC	1.745737	1.0002592	9.403314
239441853	ACC	1.9103624	0.85995895	9.034874
239441863	ACC	1.8479118	0.5674833	8.92091
239441873	ACC	1.9586006	0.4728357	9.661092
239441883	ACC	1.9374934	0.5392795	10.424412
239441893	ACC	1.9318238	0.7424802	10.743377
239441903	ACC	2.1251893	0.8895992	10.83742
239441913	ACC	2.1827555	0.8334407	10.494753
239441923	ACC	2.1582675	0.46788445	9.893818
239441933	ACC	1.6739588	0.011271901	9.597637
239441943	ACC	1.6016539	-0.0049990932	9.251683
239441953	ACC	2.04936	0.14834474	9.070865
239441963	ACC	2.606663	0.20931068	9.25223
239441973	ACC	2.6839	0.14127706	9.173355
239441983	ACC	2.4341369	-0.07507259	8.565745
239441993	ACC	2.3231034	-0.22280441	8.556226
239442003	ACC	2.3790607	-0.1189631	9.008289
239442013	ACC	2.56623	-0.06871359	9.140631
239442023	ACC	2.4992402	-0.15707879	9.35383
239442033	ACC	2.0520895	-0.2835788	9.595309
239442043	ACC	1.5442697	-0.44584823	9.548058
239442053	ACC	1.1018691	-0.63162875	9.395997
239442063	ACC	0.86218077	-0.725309	9.607539
239442073	ACC	0.96241164	-0.7118632	10.222264
239442083	ACC	1.4907737	-0.6580224	10.687343
239442093	ACC	1.8555734	-0.21197304	11.091771
239442103	ACC	1.895231	-0.31335312	10.708268
239442113	ACC	1.7642394	-0.46633303	10.3385935
239442123	ACC	1.458088	-0.57389975	9.7722025
239442133	ACC	0.93266606	-0.49447927	9.219084
239442143	ACC	0.44969812	-0.37336138	8.539619
239442153	ACC	0.36878368	-0.212653	8.356224
239442163	ACC	0.7079367	-0.116128355	8.536449
239442173	ACC	1.3748943	-0.3918159	8.852571
239442183	ACC	1.7434385	-0.65766805	8.808661
239442193	ACC	1.7778864	-0.85606116	8.937852
239442203	ACC	1.5160564	-0.8702923	9.050139
239442213	ACC	1.0400221	-0.5449682	8.945054
239442223	ACC	0.38200924	0.5212369	8.846192
239442233	ACC	-2.140378	1.5899128	10.629959
239442243	ACC	-3.037562	1.7038192	12.589574
239442253	ACC	-3.0680065	1.0591662	10.774712
239442263	ACC	-1.6029947	-0.455358	9.155197
239442273	ACC	-0.21402247	-0.60085845	10.846231
239442283	ACC	1.5633276	-0.22375251	12.29686
239442293	ACC	3.0735996	0.1332038	10.839222
239442303	ACC	3.5627253	0.030032866	10.066747
239442313	ACC	4.0805817	-0.64337945	8.844094
239442323	ACC	4.4463773	-1.1006433	8.163883
239442333	ACC	4.697127	-1.0913154	9.378979
239442343	ACC	2.7647476	-0.71634513	11.545654
239442353	ACC	1.3298737	-0.8719108	12.125329
239442363	ACC	1.3025893	-1.1041483	11.219335
239442373	ACC	1.7593073	-0.87392193	10.443594
239442383	ACC	1.803782	-0.54085976	10.232177
239442393	ACC	1.7998843	-0.145012	10.37353
239442403	ACC	1.5583955	-0.0063781533	10.417114
239442413	ACC	0.5913295	-0.1987379	10.528675
239442423	ACC	-0.09285672	-0.13999376	10.599936
239442433	ACC	0.1008725	0.04986643	10.402078
239442443	ACC	0.6703765	0.07400956	9.451169
239442453	ACC	2.26955	0.11680831	9.613228
239442463	ACC	4.011715	0.51199526	12.053608
239442473	ACC	3.9092813	0.45399812	12.921708
239442483	ACC	4.1593313	-0.33105105	13.036649
239442493	ACC	3.841602	-1.1694143	12.061845
239442503	ACC	3.3574083	-1.2137837	11.079791
239442513	ACC	3.041201	-0.6245227	10.978363
239442523	ACC	2.522732	-0.206792	10.877596
239442533	ACC	2.4746947	0.15149552	10.975068
239442543	ACC	2.7696316	0.07487147	11.327916
239442553	ACC	3.790069	0.2524638	9.563783
239442563	ACC	4.9848905	0.545696	8.56947
239442573	ACC	5.092352	-0.011961431	10.527736
239442583	ACC	4.2833996	-0.9108118	12.6922865
239442593	ACC	2.949532	-1.5290521	12.56275
239442603	ACC	3.507065	-1.4972858	10.81865
239442613	ACC	5.565734	-0.68932897	9.518991
239442623	ACC	7.8293743	0.026020184	7.7605844
239442633	ACC	9.524163	0.45558786	6.5725627
239442643	ACC	9.65728	0.7145064	6.7108226
239442653	ACC	9.265196	0.6162101	7.0394225
239442663	ACC	8.535367	0.2311075	7.920182
239442673	ACC	6.2728086	-0.15414828	8.307804
239442683	ACC	4.5131564	0.48154098	6.8661013
239442693	ACC	4.2186217	0.82064617	5.9891915
239442703	ACC	5.9474363	1.0050188	4.048145
239442713	ACC	7.479314	1.2282159	3.4156637
239442723	ACC	8.180892	1.6125332	3.5800786
239442733	ACC	7.6566854	2.6396554	3.7528346
239442743	ACC	6.1388383	2.7680037	3.4944332
239442753	ACC	4.3222046	0.9984012	3.424398
239442763	ACC	4.261564	-0.7029568	3.1688504
239442773	ACC	5.350342	-0.7520475	2.0051534
239442783	ACC	7.6856556	0.23718877	0.65952593
239442793	ACC	9.293755	1.7538102	1.2617059
239442803	ACC	8.865977	1.6631944	0.84285474
239442813	ACC	7.463569	0.19026242	-1.0679193
239442823	ACC	6.563991	-0.06350381	-0.9346676
239442833	ACC	5.614872	0.97636503	-0.6586257
239442843	ACC	4.765946	1.2948992	-0.85479707
239442853	ACC	5.57216	1.3672903	-2.5392714
239442863	ACC	8.012129	1.9889305	-3.4625041
239442873	ACC	9.745292	2.1698554	-3.4316573
239442883	ACC	9.652014	1.5053495	-2.5150228
239442893	ACC	8.082375	0.84069043	-1.921797
239442903	ACC	6.475099	0.33068714	-2.1485856
239442913	ACC	5.2835245	0.11163683	-2.5908422
239442923	ACC	4.583833	0.686839	-3.3156724
239442933	ACC	4.427367	0.880281	-4.948997
239442943	ACC	4.7161555	1.8063006	-5.692789
239442953	ACC	4.641725	2.327442	-5.452641
239442963	ACC	4.3089023	2.87852	-6.1403704
239442973	ACC	4.624918	3.0244036	-6.9208612
239442983	ACC	5.215452	2.938289	-6.812021
239442993	ACC	5.3586254	1.9736841	-6.4152827
239443003	ACC	3.4085293	-0.0022505496	-6.395277
239443013	ACC	0.8531307	-0.12459426	-6.1075993
239443023	ACC	-0.32572636	1.0776206	-7.675916
239443033	ACC	0.26985526	1.6025349	-9.381708
239443043	ACC	1.3571963	2.158162	-8.612864
239443053	ACC	3.0643005	1.6699557	-8.889547
239443063	ACC	5.003106	0.7270042	-9.288832
239443073	ACC	6.100359	0.5137095	-8.712022
239443083	ACC	5.5335746	0.96986234	-8.122013
239443093	ACC	3.5727236	0.24586536	-8.178344
239443103	ACC	1.9748812	-0.4187267	-8.583673
239443113	ACC	1.0724013	0.19520405	-8.383766
239443123	ACC	0.21113986	0.26003903	-9.225989
239443133	ACC	0.1519552	-0.6662489	-10.082414
239443143	ACC	1.5266771	-0.7369065	-9.701918
239443153	ACC	2.8378854	-0.36686832	-9.159909
239443163	ACC	2.2364717	-0.18488024	-9.5942745
239443173	ACC	1.0821409	0.53703856	-10.613477
239443183	ACC	0.69820666	0.8621041	-10.085134
239443193	ACC	0.3483372	0.34602916	-10.378079
239443203	ACC	-0.15371732	-0.67744416	-10.786138
239443213	ACC	0.34420958	-0.7959284	-10.204911
239443223	ACC	1.3813682	-0.8488115	-9.966085
239443233	ACC	2.301709	-0.46826756	-10.621617
239443243	ACC	2.6391382	0.6747914	-11.859324
239443253	ACC	1.7877504	0.9055158	-12.565067
239443263	ACC	0.40890092	-0.48299667	-12.266768
239443273	ACC	-0.4465665	-2.0431736	-11.202163
239443283	ACC	-0.52484727	-2.9378867	-10.209776
239443293	ACC	0.10260591	-2.7847917	-10.106978
239443303	ACC	0.7576882	-1.8222653	-10.690847
239443313	ACC	1.1694238	-0.5095436	-11.918144
239443323	ACC	1.0501351	0.06286216	-12.40682
239443333	ACC	0.7734133	-0.28310955	-11.779184
239443343	ACC	0.16732597	-0.65746695	-11.258063
239443353	ACC	-0.9453745	-1.2041878	-11.11691
239443363	ACC	-1.0897927	-1.3524463	-10.906632
239443373	ACC	-1.0072694	-0.4824508	-10.660183
239443383	ACC	-1.1284926	-0.36619794	-10.528703
239443393	ACC	-0.8072099	-0.4662564	-10.087069
239443403	ACC	-0.23346339	-0.57239616	-9.771044
239443413	ACC	-0.23785914	-1.285083	-10.106845
239443423	ACC	-0.66962945	-2.2700288	-11.022722
239443433	ACC	-0.88284755	-1.9001917	-11.278625
239443443	ACC	-0.83391964	-1.4184304	-10.650788
239443453	ACC	-1.1728237	-1.1940554	-10.105159
239443463	ACC	-1.4641883	-1.0736079	-10.090411
239443473	ACC	-1.3010092	-0.7524976	-10.098533
239443483	ACC	-0.7377972	-0.5786307	-10.387981
239443493	ACC	-0.31607294	-0.63479865	-10.41947
239443503	ACC	-0.30172688	-0.6581469	-10.2572
239443513	ACC	-0.3394882	-0.75963235	-10.303399
239443523	ACC	-0.75138664	-1.0400699	-9.953214
239443533	ACC	-1.4788792	-1.6780577	-9.2490015
239443543	ACC	-1.8223706	-1.5531762	-9.2818985
239443553	ACC	-1.9333179	-1.0114257	-9.632793
239443563	ACC	-1.8046056	-0.81331986	-9.758277
239443573	ACC	-1.2754679	-0.9418119	-9.656438
239443583	ACC	-0.35756925	-1.0871304	-9.7569275
239443593	ACC	0.5239184	-1.0479038	-10.011383
239443603	ACC	0.6242642	-1.2103169	-10.180155
239443613	ACC	-0.41480023	-1.4134696	-10.148034
239443623	ACC	-1.6886017	-1.5623507	-9.9439335
239443633	ACC	-2.2786002	-1.7552468	-9.867454
239443643	ACC	-2.148164	-1.541569	-9.6989975
239443653	ACC	-1.7980072	-1.1212429	-9.543268
239443663	ACC	-1.2540445	-0.8047199	-9.622315
239443673	ACC	-0.92017794	-0.69169444	-9.775832
239443683	ACC	-0.9348783	-0.79753727	-9.805682
239443693	ACC	-1.2859067	-1.1183795	-9.873984
239443703	ACC	-1.524551	-1.053104	-9.901432
239443713	ACC	-1.4200585	-1.0843626	-10.052735
239443723	ACC	-1.2305431	-1.3492284	-10.515305
239443733	ACC	-0.8491276	-1.2751039	-11.171633
239443743	ACC	-0.3858208	-0.8372619	-11.110715
239443753	ACC	0.096476756	-0.4848737	-10.536404
239443763	ACC	0.22007503	-0.8821867	-10.620306
239443773	ACC	0.034629732	-1.0573944	-11.042997
239443783	ACC	0.17686448	-0.95084286	-11.060752
239443793	ACC	0.39980295	-1.3362997	-11.268329
239443803	ACC	0.43973824	-1.4785824	-11.303084
239443813	ACC	0.34644097	-0.8767758	-11.203302
239443823	ACC	0.38258386	-0.32344708	-11.224113
239443833	ACC	0.43574473	0.04687847	-11.711142
239443843	ACC	0.89931965	0.41462785	-12.176565
239443853	ACC	1.357206	0.21288285	-11.882298
239443863	ACC	1.291011	-0.29042622	-11.782786
239443873	ACC	1.1241256	-0.76548374	-11.363293
239443883	ACC	1.0637246	-1.5076958	-11.267803
239443893	ACC	0.9394081	-1.5872216	-11.344168
239443903	ACC	1.0726694	-1.3154318	-11.190029
239443913	ACC	1.7493474	-1.2541786	-10.994576
239443923	ACC	2.5328164	-1.3210248	-10.972522
239443933	ACC	2.534684	-1.6586263	-10.875719
239443943	ACC	1.6022285	-2.2334836	-11.299512
239443953	ACC	1.6230581	-1.9092418	-10.777479
239443963	ACC	2.7750235	-1.1835018	-10.071995
239443973	ACC	3.843211	-1.1959708	-10.339072
239443983	ACC	4.147648	-0.9475197	-10.254989
239443993	ACC	4.0517554	-1.1838657	-9.694965
239444003	ACC	3.3175209	-1.9859424	-9.623399
239444013	ACC	3.0398602	-1.8538783	-9.530819
239444023	ACC	3.331254	-1.033845	-9.33618
239444033	ACC	3.9112446	-0.29288748	-9.068259
239444043	ACC	4.595852	-0.038527492	-8.767126
239444053	ACC	5.218086	-0.111081384	-8.391361
239444063	ACC	5.831873	-0.10101616	-8.017837
239444073	ACC	5.863304	-0.44661438	-7.89081
239444083	ACC	5.480634	-0.7893204	-7.0607305
239444093	ACC	5.766856	-0.7667766	-6.5942926
239444103	ACC	6.408914	-0.45976335	-6.1120715
239444113	ACC	7.048692	0.19079871	-5.4208174
239444123	ACC	7.474631	0.7480923	-4.736344
239444133	ACC	7.353187	0.78759664	-5.0594273
239444143	ACC	6.9655757	0.62674457	-5.5242662
239444153	ACC	6.602289	-0.0073262574	-5.537961
239444163	ACC	6.729402	-0.42949107	-4.5489545
239444173	ACC	7.4732037	-0.4071484	-3.7403848
239444183	ACC	7.875841	-0.02705448	-2.7761247
239444193	ACC	7.503064	0.47700158	-2.2832255
239444203	ACC	6.9223647	0.5830169	-2.1479342
239444213	ACC	6.7056613	0.65805113	-1.969001
239444223	ACC	6.9037476	0.6103969	-1.6428342
239444233	ACC	7.175049	0.3893738	-1.0672586
239444243	ACC	7.2197723	-0.53841764	-0.20561405
239444253	ACC	7.1722045	-0.99606454	0.5068621
239444263	ACC	7.064475	-0.28562826	1.2876495
239444273	ACC	6.3984084	0.6453523	2.2500613
239444283	ACC	4.961926	0.8701391	3.4364073
239444293	ACC	4.5350585	0.97508174	4.093606
239444303	ACC	4.299795	1.6276071	3.345811
239444313	ACC	4.819547	2.5672736	3.2395558
239444323	ACC	5.6717873	3.2467003	3.6824834
239444333	ACC	5.809789	3.0915656	3.7388043
239444343	ACC	5.885915	2.9275532	3.8410273
239444353	ACC	5.7251587	2.7723706	4.505131
239444363	ACC	5.551215	2.406843	5.36193
239444373	ACC	5.365358	1.8414571	5.6178603
239444383	ACC	4.2194357	0.65205604	5.6559377
239444393	ACC	2.496664	-0.6999305	5.8203425
239444403	ACC	1.735758	-0.44329122	5.847062
239444413	ACC	1.8901073	0.5192353	6.1113434
239444423	ACC	2.5806813	1.0530752	6.5237494
239444433	ACC	2.9820836	0.9734153	7.082824
239444443	ACC	3.1425908	0.68727	7.386495
239444453	ACC	3.115086	0.45917916	8.173565
239444463	ACC	4.068754	1.0173154	8.551868
239444473	ACC	4.648467	1.532155	8.729824
239444483	ACC	4.6471267	1.801091	8.83741
239444493	ACC	3.5123417	0.9413139	9.478654
239444503	ACC	3.3861578	0.39380786	10.024407
239444513	ACC	2.7164612	0.23975536	10.325541
239444523	ACC	2.4759686	-0.09854534	10.108128
239444533	ACC	2.65969	-0.23852953	9.000139
239444543	ACC	2.6933331	-0.43092757	8.910376
239444553	ACC	2.4925554	-0.58245176	10.033371
239444563	ACC	2.329156	-0.5387816	11.114326
239444573	ACC	2.602564	-0.6292537	11.296456
239444583	ACC	2.7309604	-0.86084	11.277016
239444593	ACC	3.2190235	-0.4015651	11.264421
239444603	ACC	3.0024247	0.07752425	11.317822
239444613	ACC	2.1292498	0.25797045	11.397531
239444623	ACC	1.613759	-0.11678916	11.042728
239444633	ACC	2.185092	-0.94373685	10.500777
239444643	ACC	2.1941326	-1.0685418	10.650328
239444653	ACC	2.1659098	-0.8199758	11.210859
239444663	ACC	1.8784524	-0.5559815	11.019744
239444673	ACC	1.5093238	-0.36785474	10.495165
239444683	ACC	1.5194083	-0.3747213	10.3350315
239444693	ACC	1.6498731	-0.45447692	10.228173
239444703	ACC	1.8424339	-0.6043923	10.534439
239444713	ACC	1.7454592	-0.6763907	10.9306135
239444723	ACC	1.3711306	-0.61048317	11.499629
239444733	ACC	1.0328299	-0.41057688	11.535407
239444743	ACC	1.228417	0.15569972	11.147767
239444753	ACC	1.1385962	0.43973824	10.866889
239444763	ACC	0.5918275	0.26319936	10.97617
239444773	ACC	0.28790754	0.19446665	11.215868
239444783	ACC	0.43077436	0.42664674	11.255114
239444793	ACC	0.5509824	0.68999934	10.852438
239444803	ACC	0.73153394	0.95681876	10.405124
239444813	ACC	0.8572104	1.175371	10.130461
239444823	ACC	0.9268434	1.2417958	9.85895
239444833	ACC	0.86507297	1.0231764	9.514357
239444843	ACC	1.1712435	0.81674844	9.0507145
239444853	ACC	1.1619539	0.73366964	7.518703
239444863	ACC	0.4161314	1.03509	10.66003
239444873	ACC	0.6046987	1.024929	11.9322605
239444883	ACC	0.51895756	0.9712223	11.094453
239444893	ACC	0.024861392	0.93284804	9.88901
239444903	ACC	-0.4829871	1.4242723	9.648853
239444913	ACC	-0.22829191	1.7134345	9.328394
239444923	ACC	0.2110441	1.9818915	9.013087
239444933	ACC	0.5146384	2.1385489	9.007638
239444943	ACC	0.5863305	2.1070793	9.50365
239444953	ACC	0.6411289	2.056083	10.114095
239444963	ACC	0.7863229	2.06385	10.437417
239444973	ACC	0.8274361	1.9325901	10.033237
239444983	ACC	0.72210085	1.6557055	9.716925
239444993	ACC	0.63207877	1.2612655	10.049939
239445003	ACC	0.76287884	0.9712989	10.739747
239445013	ACC	1.0540233	0.82630605	11.372784
239445023	ACC	1.2778525	1.0247949	11.543863
239445033	ACC	1.4540849	1.3401208	11.423196
239445043	ACC	1.2195488	1.5426224	11.16851
239445053	ACC	0.80184686	1.6063944	10.644028
239445063	ACC	0.5189192	1.7777426	9.861266
239445073	ACC	0.504918	1.8074787	9.152995
239445083	ACC	0.66568387	1.7382	8.720047
239445093	ACC	0.6745041	1.6201468	8.705049
239445103	ACC	0.54416376	1.8062911	8.882479
239445113	ACC	0.3913179	2.2395554	9.048627
239445123	ACC	0.25301924	2.652747	9.295479
239445133	ACC	0.14223474	2.7007937	9.457977
239445143	ACC	0.09455181	2.6520765	9.141685
239445153	ACC	0.0719697	2.654844	8.960683
239445163	ACC	-0.04341167	2.5573041	8.867338
239445173	ACC	-0.108773366	2.4877384	8.859255
239445183	ACC	-0.2829851	2.370863	8.952466
239445193	ACC	-0.54007447	2.2702777	9.251694
239445203	ACC	-0.670884	2.2707376	9.544848
239445213	ACC	-0.68859154	2.279692	9.999135
239445223	ACC	-0.76806945	2.2749994	10.332369
239445233	ACC	-0.7885351	2.4437807	10.471118
239445243	ACC	-0.78486717	2.5799632	10.376766
239445253	ACC	-0.8114237	2.533142	9.960865
239445263	ACC	-0.8295047	2.499355	9.549102
239445273	ACC	-0.9193926	2.4478319	9.2173605
239445283	ACC	-1.019317	2.3848357	9.063299
239445293	ACC	-1.1271231	2.3474383	9.002399
239445303	ACC	-1.1911824	2.3408973	8.987211
239445313	ACC	-1.3843753	2.3948627	9.068202
239445323	ACC	-1.6200606	2.5313609	9.103655
239445333	ACC	-1.6391088	2.6286612	9.276335
239445343	ACC	-1.4453317	2.5991452	9.521874
239445353	ACC	-1.1313752	2.4434073	9.569203
239445363	ACC	-0.8987929	2.3030016	9.570266
239445373	ACC	-0.88733906	2.1252658	9.564884
239445383	ACC	-1.0986129	2.0295744	9.645549
239445393	ACC	-1.1295748	2.142849	9.724816
239445403	ACC	-1.28266	2.3119655	9.760931
239445413	ACC	-1.4250193	2.3811007	9.75325
239445423	ACC	-1.4936563	2.3757758	9.798414
239445433	ACC	-1.4745505	2.4196281	9.70255
239445443	ACC	-1.3332734	2.4260542	9.621588
239445453	ACC	-1.1866813	2.3735158	9.584899
239445463	ACC	-1.0833476	2.3669076	9.516004
239445473	ACC	-0.9802436	2.3618798	9.557769
239445483	ACC	-0.94599694	2.3864348	9.6183605
239445493	ACC	-0.9485923	2.3352084	9.643845
239445503	ACC	-0.92925674	2.264072	9.534488
239445513	ACC	-0.9494063	2.2828426	9.353111
239445523	ACC	-1.0123259	2.3835905	9.2499695
239445533	ACC	-1.1180156	2.3127606	9.312928
239445543	ACC	-1.065822	2.201842	9.509952
239445553	ACC	-0.90817815	2.1414793	9.724404
239445563	ACC	-0.8040112	2.1066198	10.154594
239445573	ACC	-0.8929702	2.0264523	10.778782
239445583	ACC	-0.98681337	2.0536983	10.811985
239445593	ACC	-0.96788	2.215393	10.445136
239445603	ACC	-0.8268232	2.273285	9.871859
239445613	ACC	-0.69889617	2.3676643	9.398622
239445623	ACC	-0.60142344	2.4219744	9.14404
239445633	ACC	-0.53025824	2.429923	9.072512
239445643	ACC	-0.4419888	2.5012417	8.964964
239445653	ACC	-0.40777084	2.62371	8.96662
239445663	ACC	-0.5273852	2.5553699	9.274602
